00000000000000000000000000000000
00000000000000000000000000000000
00000000000000000000000000000000
00000000000000001111100000000000
00000000000000111110000000000000
00000000000001111000000000000000
00000000000011110000000000000000
00000000000111110000000000000000
00000000000111100000000000000000
00000000001111100000000000000000
00000000001111100000000000001110
00000000011111100000000000011100
00011111111111111111111111111100
01111111111111111111111111111110
11111111111111111111111111111111
01111111111111111111111111111110
00011111111111111111111111111100
00000000011111100000000000011100
00000000001111100000000000001110
00000000001111100000000000000000
00000000000111100000000000000000
00000000000111100000000000000000
00000000000011110000000000000000
00000000000001111000000000000000
00000000000000111110000000000000
00000000000000001111100000000000
00000000000000000000000000000000
00000000000000000000000000000000
00000000000000000000000000000000
00000000000000000000000000000000
00000000000000000000000000000000
00000000000000000000000000000000